
204.0 719.8
236.9 687.6
304.0 756.2
271.1 788.4
204.0 719.8
214.6 719.9
236.8 698.2
293.4 756.1
271.2 777.8
214.6 719.9

438.0 719.8
470.9 687.6
538.0 756.2
505.1 788.4
438.0 719.8
448.6 719.9
470.8 698.2
527.4 756.1
505.2 777.8
448.6 719.9

672.0 719.8
704.9 687.6
772.0 756.2
739.1 788.4
672.0 719.8
682.6 719.9
704.8 698.2
761.4 756.1
739.2 777.8
682.6 719.9

672.0 490.8
704.9 458.6
772.0 527.2
739.1 559.4
672.0 490.8
682.6 490.9
704.8 469.2
761.4 527.1
739.2 548.8
682.6 490.9

672.0 261.8
704.9 229.6
772.0 298.2
739.1 330.4
672.0 261.8
682.6 261.9
704.8 240.2
761.4 298.1
739.2 319.8
682.6 261.9

438.0 261.8
470.9 229.6
538.0 298.2
505.1 330.4
438.0 261.8
448.6 261.9
470.8 240.2
527.4 298.1
505.2 319.8
448.6 261.9

438.0 490.8
470.9 458.6
538.0 527.2
505.1 559.4
438.0 490.8
448.6 490.9
470.8 469.2
527.4 527.1
505.2 548.8
448.6 490.9

204.0 490.8
236.9 458.6
304.0 527.2
271.1 559.4
204.0 490.8
214.6 490.9
236.8 469.2
293.4 527.1
271.2 548.8
214.6 490.9

204.0 261.8
236.9 229.6
304.0 298.2
271.1 330.4
204.0 261.8
214.6 261.9
236.8 240.2
293.4 298.1
271.2 319.8
214.6 261.9

254.0  98.0
254.0 247.1

254.0 312.9
254.0 476.1

254.0 541.9
254.0 705.1

254.0 770.9
254.0 918.0

488.0 918.0
488.0 770.9

488.0 705.1
488.0 541.9

488.0 476.1
488.0 312.9

488.0 247.1
488.0  98.0

722.0  98.0
722.0 247.1

722.0 312.9
722.0 476.1

722.0 541.9
722.0 705.1

722.0 770.9
722.0 918.0

882.0 738.0
754.2 738.0

689.8 738.0
520.2 738.0

455.8 738.0
286.2 738.0

221.8 738.0
 65.0 738.0

 65.0 509.0
221.8 509.0

286.2 509.0
455.8 509.0

520.2 509.0
689.8 509.0

754.2 509.0
882.0 509.0

882.0 280.0
754.2 280.0

689.8 280.0
520.2 280.0

455.8 280.0
286.2 280.0

221.8 280.0
 65.0 280.0

 65.0 384.9
146.8 384.9
237.6 296.1

270.4 263.9
496.8  42.4
496.8  42.4
497.0  42.2
497.3  42.0
497.5  41.8
497.7  41.7
497.9  41.5
498.1  41.3
498.3  41.1
498.6  41.0
498.8  40.8
499.0  40.6
499.2  40.5
499.4  40.3
499.7  40.1
499.9  40.0
500.1  39.8
500.3  39.6
500.5  39.5
500.7  39.3
501.0  39.2
501.2  39.0
501.4  38.9
501.6  38.7
501.8  38.5
502.1  38.4
502.3  38.2
502.5  38.1
502.7  37.9
502.9  37.8
503.2  37.6
503.4  37.5
503.6  37.3
503.8  37.2
504.0  37.0
504.3  36.9
504.5  36.8
504.7  36.6
504.9  36.5
505.2  36.3
505.4  36.2
505.6  36.1
505.8  35.9
506.0  35.8
506.3  35.6
506.5  35.5
506.7  35.4
506.9  35.2
507.2  35.1
507.4  35.0
507.6  34.8
507.8  34.7
508.0  34.6
508.3  34.5
508.5  34.3
508.7  34.2
508.9  34.1
509.2  34.0
509.4  33.8
509.6  33.7
509.8  33.6
510.1  33.5
510.3  33.3
510.5  33.2
510.7  33.1
511.0  33.0
511.2  32.9
511.4  32.8
511.6  32.7
511.9  32.5
512.1  32.4
512.3  32.3
512.5  32.2
512.8  32.1
513.0  32.0
513.2  31.9
513.5  31.8
513.7  31.7
513.9  31.6
514.1  31.5
514.4  31.4
514.6  31.2
514.8  31.1
515.0  31.0
515.3  30.9
515.5  30.8
515.7  30.8
515.9  30.7
516.2  30.6
516.4  30.5
516.6  30.4
516.9  30.3
517.1  30.2
517.3  30.1
517.5  30.0
517.8  29.9
518.0  29.8
518.2  29.7
518.5  29.6
518.7  29.6
518.9  29.5
519.1  29.4
519.4  29.3
519.6  29.2
519.8  29.1
520.1  29.1
520.3  29.0
520.5  28.9
520.7  28.8
521.0  28.7
521.2  28.7
521.4  28.6
521.7  28.5
521.9  28.4
522.1  28.4
522.3  28.3
522.6  28.2
522.8  28.1
523.0  28.1
523.3  28.0
523.5  27.9
523.7  27.9
524.0  27.8
524.2  27.7
524.4  27.7
524.6  27.6
524.9  27.5
525.1  27.5
525.3  27.4
525.6  27.4
525.8  27.3
526.0  27.2
526.3  27.2
526.5  27.1
526.7  27.1
526.9  27.0
527.2  27.0
527.4  26.9
527.6  26.8
527.9  26.8
528.1  26.7
528.3  26.7
528.6  26.6
528.8  26.6
529.0  26.5
529.2  26.5
529.5  26.5
529.7  26.4
529.9  26.4
530.2  26.3
530.4  26.3
530.6  26.2
530.9  26.2
531.1  26.1
531.3  26.1
531.6  26.1
531.8  26.0
532.0  26.0
532.2  25.9
532.5  25.9
532.7  25.9
532.9  25.8
533.2  25.8
533.4  25.8
533.6  25.7
533.9  25.7
534.1  25.7
534.3  25.7
534.6  25.6
534.8  25.6
535.0  25.6
535.2  25.5
535.5  25.5
535.7  25.5
535.9  25.5
536.2  25.4
536.4  25.4
536.6  25.4
536.9  25.4
537.1  25.3
537.3  25.3
537.6  25.3
537.8  25.3
538.0  25.3
538.2  25.3
538.5  25.2
538.7  25.2
538.9  25.2
539.2  25.2
539.4  25.2
539.6  25.2
539.9  25.2
540.1  25.1
540.3  25.1
540.5  25.1
540.8  25.1
541.0  25.1
541.2  25.1
541.5  25.1
541.7  25.1
541.9  25.1
542.2  25.1
542.4  25.1
542.6  25.1
542.8  25.1
543.1  25.1
543.3  25.1
543.5  25.1
543.8  25.1
544.0  25.1
544.2  25.1
544.4  25.1
544.7  25.1
544.9  25.1
545.1  25.1
545.4  25.1
545.6  25.1
545.8  25.1
546.1  25.1
546.3  25.1
546.5  25.2
546.7  25.2
547.0  25.2
547.2  25.2
547.4  25.2
547.7  25.2
547.9  25.2
548.1  25.2
548.3  25.3
548.6  25.3
548.8  25.3
549.0  25.3
549.2  25.3
549.5  25.3
549.7  25.4
549.9  25.4
550.2  25.4
550.4  25.4
550.6  25.5
550.8  25.5
551.1  25.5
551.3  25.5
551.5  25.6
551.7  25.6
552.0  25.6
552.2  25.6
552.4  25.7
552.7  25.7
552.9  25.7
553.1  25.7
553.3  25.8
553.6  25.8
553.8  25.8
554.0  25.9
554.2  25.9
554.5  25.9
554.7  26.0
554.9  26.0
555.1  26.1
555.4  26.1
555.6  26.1
555.8  26.2
556.0  26.2
556.3  26.2
556.5  26.3
556.7  26.3
556.9  26.4
557.2  26.4
557.4  26.5
557.6  26.5
557.8  26.5
558.1  26.6
558.3  26.6
558.5  26.7
558.7  26.7
558.9  26.8
559.2  26.8
559.4  26.9
559.6  26.9
559.8  27.0
560.1  27.0
560.3  27.1
560.5  27.1
560.7  27.2
561.0  27.2
561.2  27.3
561.4  27.4
561.6  27.4
561.8  27.5
562.1  27.5
562.3  27.6
562.5  27.6
562.7  27.7
562.9  27.8
563.2  27.8
563.4  27.9
563.6  27.9
563.8  28.0
564.0  28.1
564.3  28.1
564.5  28.2
564.7  28.3
564.9  28.3
565.1  28.4
565.4  28.5
565.6  28.5
565.8  28.6
566.0  28.7
566.2  28.7
566.5  28.8
566.7  28.9
566.9  28.9
567.1  29.0
567.3  29.1
567.5  29.2
567.8  29.2
568.0  29.3
568.2  29.4
568.4  29.5
568.6  29.5
568.8  29.6
569.1  29.7
569.3  29.8
569.5  29.8
569.7  29.9
569.9  30.0
570.1  30.1
570.3  30.2
570.6  30.2
570.8  30.3
571.0  30.4
571.2  30.5
571.4  30.6
571.6  30.7
571.8  30.7
572.1  30.8
572.3  30.9
572.5  31.0
572.7  31.1
572.9  31.2
573.1  31.3
573.3  31.4
573.5  31.4
573.8  31.5
574.0  31.6
574.2  31.7
574.4  31.8
574.6  31.9
574.8  32.0
575.0  32.1
575.2  32.2
575.4  32.3
575.6  32.4
575.9  32.5
576.1  32.6
576.3  32.7
576.5  32.8
576.7  32.9
576.9  33.0
577.1  33.1
577.3  33.2
577.5  33.3
577.7  33.4
577.9  33.5
578.1  33.6
578.3  33.7
578.6  33.8
578.8  33.9
579.0  34.0
579.2  34.1
579.4  34.2
579.6  34.3
579.8  34.4
580.0  34.5
580.2  34.6
580.4  34.7
580.6  34.8
580.8  34.9
581.0  35.0
581.2  35.2
581.4  35.3
581.6  35.4
581.8  35.5
582.0  35.6
582.2  35.7
582.4  35.8
582.6  35.9
582.8  36.1
583.0  36.2
583.2  36.3
583.4  36.4
583.6  36.5
583.8  36.6
584.0  36.8
584.2  36.9
584.4  37.0
584.6  37.1
584.8  37.2
585.0  37.3
585.2  37.5
585.4  37.6
585.6  37.7
585.8  37.8
586.0  38.0
586.2  38.1
586.4  38.2
586.6  38.3
586.8  38.4
587.0  38.6
587.2  38.7
587.4  38.8
587.6  39.0
587.8  39.1
588.0  39.2
588.2  39.3
588.3  39.5
588.5  39.6
588.7  39.7
588.9  39.9
589.1  40.0
589.3  40.1
589.5  40.2
589.7  40.4
589.9  40.5
590.1  40.6
590.3  40.8
590.5  40.9
590.6  41.0
590.8  41.2
591.0  41.3
591.2  41.5
591.4  41.6
591.6  41.7
591.8  41.9
592.0  42.0
592.1  42.1
592.3  42.3
592.5  42.4
592.7  42.6
592.9  42.7
593.1  42.8
593.3  43.0
593.4  43.1
593.6  43.3
593.8  43.4
594.0  43.5
594.2  43.7
594.4  43.8
594.6  44.0
594.7  44.1
594.9  44.3
595.1  44.4
595.3  44.6
595.5  44.7
595.6  44.9
595.8  45.0
596.0  45.2
596.2  45.3
596.4  45.4
596.5  45.6
596.7  45.7
596.9  45.9
597.1  46.0
597.3  46.2
597.4  46.3
597.6  46.5
597.8  46.7
598.0  46.8
598.1  47.0
598.3  47.1
598.5  47.3
598.7  47.4
598.8  47.6
599.0  47.7
599.2  47.9
599.4  48.0
599.5  48.2
599.7  48.4
599.9  48.5
600.0  48.7
600.2  48.8
600.4  49.0
600.6  49.1
600.7  49.3
600.9  49.5
601.1  49.6
601.2  49.8
601.4  49.9
601.6  50.1
601.7  50.3
601.9  50.4
602.1  50.6
602.2  50.8
602.4  50.9
602.6  51.1
602.7  51.2
602.9  51.4
603.1  51.6
603.2  51.7
603.4  51.9
603.6  52.1
603.7  52.2
603.9  52.4
604.1  52.6
604.2  52.7
604.4  52.9
604.5  53.1
604.7  53.3
604.9  53.4
605.0  53.6
605.2  53.8
605.3  53.9
605.5  54.1
605.7  54.3
605.8  54.4
606.0  54.6
606.1  54.8
606.3  55.0
606.4  55.1
606.6  55.3
606.8  55.5
606.9  55.7
607.1  55.8
607.2  56.0
607.4  56.2
607.5  56.4
607.7  56.5
607.8  56.7
608.0  56.9
608.1  57.1
608.3  57.2
608.4  57.4
608.6  57.6
608.7  57.8
608.9  58.0
609.0  58.1
609.2  58.3
609.3  58.5
609.5  58.7
609.6  58.9
609.8  59.0
609.9  59.2
610.1  59.4
610.2  59.6
610.4  59.8
610.5  59.9
610.7  60.1
610.8  60.3
610.9  60.5
611.1  60.7
611.2  60.9
611.4  61.0
611.5  61.2
611.7  61.4
611.8  61.6
611.9  61.8
612.1  62.0
612.2  62.2
612.4  62.3
612.5  62.5
612.6  62.7
612.8  62.9
612.9  63.1
613.0  63.3
613.2  63.5
613.3  63.7
613.4  63.8
613.6  64.0
613.7  64.2
613.8  64.4
614.0  64.6
614.1  64.8
614.2  65.0
614.4  65.2
614.5  65.4
614.6  65.6
614.8  65.8
614.9  66.0
615.0  66.1
615.2  66.3
615.3  66.5
615.4  66.7
615.5  66.9
615.7  67.1
615.8  67.3
615.9  67.5
616.0  67.7
616.2  67.9
616.3  68.1
616.4  68.3
616.5  68.5
616.7  68.7
616.8  68.9
616.9  69.1
617.0  69.3
617.2  69.5
617.3  69.7
617.4  69.9
617.5  70.1
617.6  70.3
617.8  70.5
617.9  70.7
618.0  70.9
618.1  71.1
618.2  71.3
618.3  71.5
618.5  71.7
618.6  71.9
618.7  72.1
618.8  72.3
618.9  72.5
619.0  72.7
619.1  72.9
619.2  73.1
619.4  73.3
619.5  73.5
619.6  73.7
619.7  73.9
619.8  74.1
619.9  74.3
620.0  74.5
620.1  74.7
620.2  74.9
620.3  75.1
620.4  75.3
620.5  75.5
620.6  75.7
620.8  75.9
620.9  76.2
621.0  76.4
621.1  76.6
621.2  76.8
621.3  77.0
621.4  77.2
621.5  77.4
621.6  77.6
621.7  77.8
621.8  78.0
621.9  78.2
622.0  78.4
622.1  78.6
622.2  78.9
622.2  79.1
622.3  79.3
622.4  79.5
622.5  79.7
622.6  79.9
622.7  80.1
622.8  80.3
622.9  80.5
623.0  80.7
623.1  81.0
623.2  81.2
623.3  81.4
623.4  81.6
623.4  81.8
623.5  82.0
623.6  82.2
623.7  82.4
623.8  82.7
623.9  82.9
624.0  83.1
624.0  83.3
624.1  83.5
624.2  83.7
624.3  83.9
624.4  84.2
624.5  84.4
624.5  84.6
624.6  84.8
624.7  85.0
624.8  85.2
624.9  85.4
624.9  85.7
625.0  85.9
625.1  86.1
625.2  86.3
625.2  86.5
625.3  86.7
625.4  87.0
625.5  87.2
625.5  87.4
625.6  87.6
625.7  87.8
625.7  88.1
625.8  88.3
625.9  88.5
626.0  88.7
626.0  88.9
626.1  89.1
626.2  89.4
626.2  89.6
626.3  89.8
626.4  90.0
626.4  90.2
626.5  90.5
626.6  90.7
626.6  90.9
626.7  91.1
626.7  91.3
626.8  91.6
626.9  91.8
626.9  92.0
627.0  92.2
627.0  92.4
627.1  92.7
627.2  92.9
627.2  93.1
627.3  93.3
627.3  93.5
627.4  93.8
627.4  94.0
627.5  94.2
627.5  94.4
627.6  94.7
627.6  94.9
627.7  95.1
627.7  95.3
627.8  95.6
627.8  95.8
627.9  96.0
627.9  96.2
628.0  96.4
628.0  96.7
628.1  96.9
628.1  97.1
628.2  97.3
628.2  97.6
628.3  97.8
628.3  98.0
628.3  98.2
628.4  98.5
628.4  98.7
628.5  98.9
628.5  99.1
628.5  99.4
628.6  99.6
628.6  99.8
628.7 100.0
628.7 100.3
628.7 100.5
628.8 100.7
628.8 100.9
628.8 101.2
628.9 101.4
628.9 101.6
628.9 101.8
629.0 102.1
629.0 102.3
629.0 102.5
629.0 102.7
629.1 103.0
629.1 103.2
629.1 103.4
629.1 103.7
629.2 103.9
629.2 104.1
629.2 104.3
629.2 104.6
629.3 104.8
629.3 105.0
629.3 105.2
629.3 105.5
629.3 105.7
629.4 105.9
629.4 106.2
629.4 106.4
629.4 106.6
629.4 106.8
629.4 107.1
629.5 107.3
629.5 107.5
629.5 107.8
629.5 108.0
629.5 108.2
629.5 108.4
629.5 108.7
629.5 108.9
629.6 109.1
629.6 109.3
629.6 109.6
629.6 109.8
629.6 110.0
629.6 110.3
629.6 110.5
629.6 110.7
629.6 111.0
629.6 111.2
629.6 111.4
629.6 111.6
629.6 111.9
629.6 112.1
629.6 112.3
629.6 112.6
629.6 112.8
629.6 113.0
629.6 113.2
629.6 113.5
629.6 113.7
629.6 113.9
629.6 114.2
629.6 114.4
629.5 114.6
629.5 114.9
629.5 115.1
629.5 115.3
629.5 115.5
629.5 115.8
629.5 116.0
629.5 116.2
629.4 116.5
629.4 116.7
629.4 116.9
629.4 117.1
629.4 117.4
629.4 117.6
629.3 117.8
629.3 118.1
629.3 118.3
629.3 118.5
629.3 118.8
629.2 119.0
629.2 119.2
629.2 119.4
629.2 119.7
629.1 119.9
629.1 120.1
629.1 120.4
629.0 120.6
629.0 120.8
629.0 121.1
629.0 121.3
628.9 121.5
628.9 121.7
628.9 122.0
628.8 122.2
628.8 122.4
628.7 122.7
628.7 122.9
628.7 123.1
628.6 123.4
628.6 123.6
628.6 123.8
628.5 124.0
628.5 124.3
628.4 124.5
628.4 124.7
628.3 125.0
628.3 125.2
628.3 125.4
628.2 125.7
628.2 125.9
628.1 126.1
628.1 126.3
628.0 126.6
628.0 126.8
627.9 127.0
627.9 127.3
627.8 127.5
627.8 127.7
627.7 128.0
627.6 128.2
627.6 128.4
627.5 128.6
627.5 128.9
627.4 129.1
627.4 129.3
627.3 129.6
627.2 129.8
627.2 130.0
627.1 130.2
627.0 130.5
627.0 130.7
626.9 130.9
626.9 131.2
626.8 131.4
626.7 131.6
626.6 131.8
626.6 132.1
626.5 132.3
626.4 132.5
626.4 132.8
626.3 133.0
626.2 133.2
626.1 133.4
626.1 133.7
626.0 133.9
625.9 134.1
625.8 134.4
625.8 134.6
625.7 134.8
625.6 135.0
625.5 135.3
625.4 135.5
625.4 135.7
625.3 135.9
625.2 136.2
625.1 136.4
625.0 136.6
624.9 136.9
624.8 137.1
624.8 137.3
624.7 137.5
624.6 137.8
624.5 138.0
624.4 138.2
624.3 138.4
624.2 138.7
624.1 138.9
624.0 139.1
623.9 139.3
623.8 139.6
623.7 139.8
623.6 140.0
623.5 140.2
623.4 140.5
623.3 140.7
623.2 140.9
623.1 141.1
623.0 141.4
622.9 141.6
622.8 141.8
622.7 142.0
622.6 142.3
622.5 142.5
622.4 142.7
622.2 142.9
622.1 143.2
622.0 143.4
621.9 143.6
621.8 143.8
621.7 144.1
621.6 144.3
621.4 144.5
621.3 144.7
621.2 145.0
621.1 145.2
621.0 145.4
620.8 145.6
620.7 145.8
620.6 146.1
620.5 146.3
620.4 146.5
620.2 146.7
620.1 147.0
620.0 147.2
619.8 147.4
619.7 147.6
619.6 147.8
619.5 148.1
619.3 148.3
619.2 148.5
619.0 148.7
618.9 148.9
618.8 149.2
618.6 149.4
618.5 149.6
618.4 149.8
618.2 150.0
618.1 150.3
617.9 150.5
617.8 150.7
617.7 150.9
617.5 151.1
617.4 151.4
617.2 151.6
617.1 151.8
616.9 152.0
616.8 152.2
616.6 152.5
616.5 152.7
616.3 152.9
616.2 153.1
616.0 153.3
615.9 153.5
615.7 153.8
615.5 154.0
615.4 154.2
615.2 154.4
615.1 154.6
614.9 154.8
614.7 155.1
614.6 155.3
614.4 155.5
614.3 155.7
614.1 155.9
613.9 156.1
613.8 156.3
613.6 156.6
613.4 156.8
613.2 157.0
613.1 157.2
612.9 157.4
612.7 157.6
612.6 157.8
612.4 158.1
612.2 158.3
612.0 158.5
611.8 158.7
611.7 158.9
611.5 159.1
504.4 263.9

471.6 296.1
270.4 492.9

237.6 525.1
 25.6 732.5
 25.5 732.7
 25.3 732.9
 25.1 733.1
 24.9 733.3
 24.7 733.5
 24.6 733.8
 24.4 734.0
 24.2 734.2
 24.0 734.4
 23.9 734.6
 23.7 734.8
 23.5 735.0
 23.4 735.3
 23.2 735.5
 23.0 735.7
 22.9 735.9
 22.7 736.1
 22.5 736.3
 22.4 736.5
 22.2 736.8
 22.0 737.0
 21.9 737.2
 21.7 737.4
 21.6 737.6
 21.4 737.8
 21.2 738.1
 21.1 738.3
 20.9 738.5
 20.8 738.7
 20.6 738.9
 20.5 739.1
 20.3 739.4
 20.2 739.6
 20.0 739.8
 19.9 740.0
 19.7 740.2
 19.6 740.5
 19.4 740.7
 19.3 740.9
 19.1 741.1
 19.0 741.3
 18.9 741.6
 18.7 741.8
 18.6 742.0
 18.4 742.2
 18.3 742.4
 18.2 742.7
 18.0 742.9
 17.9 743.1
 17.8 743.3
 17.6 743.5
 17.5 743.8
 17.4 744.0
 17.2 744.2
 17.1 744.4
 17.0 744.6
 16.8 744.9
 16.7 745.1
 16.6 745.3
 16.5 745.5
 16.3 745.7
 16.2 746.0
 16.1 746.2
 16.0 746.4
 15.8 746.6
 15.7 746.9
 15.6 747.1
 15.5 747.3
 15.4 747.5
 15.3 747.8
 15.1 748.0
 15.0 748.2
 14.9 748.4
 14.8 748.6
 14.7 748.9
 14.6 749.1
 14.5 749.3
 14.4 749.5
 14.3 749.8
 14.1 750.0
 14.0 750.2
 13.9 750.4
 13.8 750.7
 13.7 750.9
 13.6 751.1
 13.5 751.3
 13.4 751.6
 13.3 751.8
 13.2 752.0
 13.1 752.2
 13.0 752.5
 12.9 752.7
 12.8 752.9
 12.7 753.2
 12.6 753.4
 12.5 753.6
 12.5 753.8
 12.4 754.1
 12.3 754.3
 12.2 754.5
 12.1 754.7
 12.0 755.0
 11.9 755.2
 11.8 755.4
 11.7 755.6
 11.7 755.9
 11.6 756.1
 11.5 756.3
 11.4 756.6
 11.3 756.8
 11.3 757.0
 11.2 757.2
 11.1 757.5
 11.0 757.7
 10.9 757.9
 10.9 758.1
 10.8 758.4
 10.7 758.6
 10.6 758.8
 10.6 759.1
 10.5 759.3
 10.4 759.5
 10.4 759.7
 10.3 760.0
 10.2 760.2
 10.2 760.4
 10.1 760.7
 10.0 760.9
 10.0 761.1
  9.9 761.3
  9.8 761.6
  9.8 761.8
  9.7 762.0
  9.6 762.3
  9.6 762.5
  9.5 762.7
  9.5 762.9
  9.4 763.2
  9.3 763.4
  9.3 763.6
  9.2 763.9
  9.2 764.1
  9.1 764.3
  9.1 764.6
  9.0 764.8
  9.0 765.0
  8.9 765.2
  8.9 765.5
  8.8 765.7
  8.8 765.9
  8.7 766.2
  8.7 766.4
  8.6 766.6
  8.6 766.8
  8.6 767.1
  8.5 767.3
  8.5 767.5
  8.4 767.8
  8.4 768.0
  8.3 768.2
  8.3 768.5
  8.3 768.7
  8.2 768.9
  8.2 769.1
  8.2 769.4
  8.1 769.6
  8.1 769.8
  8.1 770.1
  8.0 770.3
  8.0 770.5
  8.0 770.8
  7.9 771.0
  7.9 771.2
  7.9 771.4
  7.8 771.7
  7.8 771.9
  7.8 772.1
  7.8 772.4
  7.7 772.6
  7.7 772.8
  7.7 773.1
  7.7 773.3
  7.6 773.5
  7.6 773.7
  7.6 774.0
  7.6 774.2
  7.6 774.4
  7.5 774.7
  7.5 774.9
  7.5 775.1
  7.5 775.4
  7.5 775.6
  7.5 775.8
  7.5 776.0
  7.4 776.3
  7.4 776.5
  7.4 776.7
  7.4 777.0
  7.4 777.2
  7.4 777.4
  7.4 777.7
  7.4 777.9
  7.4 778.1
  7.4 778.3
  7.4 778.6
  7.4 778.8
  7.3 779.0
  7.3 779.3
  7.3 779.5
  7.3 779.7
  7.3 779.9
  7.3 780.2
  7.3 780.4
  7.3 780.6
  7.3 780.9
  7.3 781.1
  7.3 781.3
  7.4 781.6
  7.4 781.8
  7.4 782.0
  7.4 782.2
  7.4 782.5
  7.4 782.7
  7.4 782.9
  7.4 783.2
  7.4 783.4
  7.4 783.6
  7.4 783.8
  7.4 784.1
  7.5 784.3
  7.5 784.5
  7.5 784.8
  7.5 785.0
  7.5 785.2
  7.5 785.4
  7.6 785.7
  7.6 785.9
  7.6 786.1
  7.6 786.3
  7.6 786.6
  7.7 786.8
  7.7 787.0
  7.7 787.3
  7.7 787.5
  7.7 787.7
  7.8 787.9
  7.8 788.2
  7.8 788.4
  7.8 788.6
  7.9 788.8
  7.9 789.1
  7.9 789.3
  8.0 789.5
  8.0 789.7
  8.0 790.0
  8.0 790.2
  8.1 790.4
  8.1 790.7
  8.1 790.9
  8.2 791.1
  8.2 791.3
  8.2 791.6
  8.3 791.8
  8.3 792.0
  8.4 792.2
  8.4 792.5
  8.4 792.7
  8.5 792.9
  8.5 793.1
  8.6 793.4
  8.6 793.6
  8.6 793.8
  8.7 794.0
  8.7 794.3
  8.8 794.5
  8.8 794.7
  8.9 794.9
  8.9 795.1
  8.9 795.4
  9.0 795.6
  9.0 795.8
  9.1 796.0
  9.1 796.3
  9.2 796.5
  9.2 796.7
  9.3 796.9
  9.3 797.2
  9.4 797.4
  9.4 797.6
  9.5 797.8
  9.6 798.0
  9.6 798.3
  9.7 798.5
  9.7 798.7
  9.8 798.9
  9.8 799.2
  9.9 799.4
 10.0 799.6
 10.0 799.8
 10.1 800.0
 10.1 800.3
 10.2 800.5
 10.3 800.7
 10.3 800.9
 10.4 801.1
 10.4 801.4
 10.5 801.6
 10.6 801.8
 10.6 802.0
 10.7 802.2
 10.8 802.5
 10.8 802.7
 10.9 802.9
 11.0 803.1
 11.0 803.3
 11.1 803.5
 11.2 803.8
 11.3 804.0
 11.3 804.2
 11.4 804.4
 11.5 804.6
 11.6 804.9
 11.6 805.1
 11.7 805.3
 11.8 805.5
 11.9 805.7
 11.9 805.9
 12.0 806.2
 12.1 806.4
 12.2 806.6
 12.2 806.8
 12.3 807.0
 12.4 807.2
 12.5 807.4
 12.6 807.7
 12.6 807.9
 12.7 808.1
 12.8 808.3
 12.9 808.5
 13.0 808.7
 13.1 808.9
 13.2 809.2
 13.2 809.4
 13.3 809.6
 13.4 809.8
 13.5 810.0
 13.6 810.2
 13.7 810.4
 13.8 810.6
 13.9 810.9
 13.9 811.1
 14.0 811.3
 14.1 811.5
 14.2 811.7
 14.3 811.9
 14.4 812.1
 14.5 812.3
 14.6 812.5
 14.7 812.8
 14.8 813.0
 14.9 813.2
 15.0 813.4
 15.1 813.6
 15.2 813.8
 15.3 814.0
 15.4 814.2
 15.5 814.4
 15.6 814.6
 15.7 814.8
 15.8 815.0
 15.9 815.3
 16.0 815.5
 16.1 815.7
 16.2 815.9
 16.3 816.1
 16.4 816.3
 16.5 816.5
 16.6 816.7
 16.7 816.9
 16.8 817.1
 16.9 817.3
 17.0 817.5
 17.1 817.7
 17.3 817.9
 17.4 818.1
 17.5 818.3
 17.6 818.5
 17.7 818.7
 17.8 818.9
 17.9 819.1
 18.0 819.3
 18.1 819.5
 18.3 819.7
 18.4 819.9
 18.5 820.1
 18.6 820.4
 18.7 820.6
 18.8 820.8
 19.0 821.0
 19.1 821.2
 19.2 821.4
 19.3 821.6
 19.4 821.7
 19.5 821.9
 19.7 822.1
 19.8 822.3
 19.9 822.5
 20.0 822.7
 20.1 822.9
 20.3 823.1
 20.4 823.3
 20.5 823.5
 20.6 823.7
 20.8 823.9
 20.9 824.1
 21.0 824.3
 21.1 824.5
 21.3 824.7
 21.4 824.9
 21.5 825.1
 21.7 825.3
 21.8 825.5
 21.9 825.7
 22.0 825.9
 22.2 826.1
 22.3 826.2
 22.4 826.4
 22.6 826.6
 22.7 826.8
 22.8 827.0
 23.0 827.2
 23.1 827.4
 23.2 827.6
 23.4 827.8
 23.5 828.0
 23.6 828.2
 23.8 828.3
 23.9 828.5
 24.0 828.7
 24.2 828.9
 24.3 829.1
 24.4 829.3
 24.6 829.5
 24.7 829.7
 24.9 829.8
 25.0 830.0
 25.1 830.2
 25.3 830.4
 25.4 830.6
 25.6 830.8
 25.7 831.0
 25.9 831.1
 26.0 831.3
 26.1 831.5
 26.3 831.7
 26.4 831.9
 26.6 832.1
 26.7 832.2
 26.9 832.4
 27.0 832.6
 27.2 832.8
 27.3 833.0
 27.5 833.1
 27.6 833.3
 27.7 833.5
 27.9 833.7
 28.0 833.9
 28.2 834.0
 28.3 834.2
 28.5 834.4
 28.6 834.6
 28.8 834.8
 29.0 834.9
 29.1 835.1
 29.3 835.3
 29.4 835.5
 29.6 835.6
 29.7 835.8
 29.9 836.0
 30.0 836.2
 30.2 836.3
 30.3 836.5
 30.5 836.7
 30.6 836.9
 30.8 837.0
 31.0 837.2
 31.1 837.4
 31.3 837.5
 31.4 837.7
 31.6 837.9
 31.8 838.1
 31.9 838.2
 32.1 838.4
 32.2 838.6
 32.4 838.7
 32.6 838.9
 32.7 839.1
 32.9 839.2
 33.0 839.4
 33.2 839.6
 33.4 839.7
 33.5 839.9
 33.7 840.1
 33.9 840.2
 34.0 840.4
 34.2 840.6
 34.4 840.7
 34.5 840.9
 34.7 841.1
 34.9 841.2
 35.0 841.4
 35.2 841.5
 35.4 841.7
 35.5 841.9
 35.7 842.0
 35.9 842.2
 36.0 842.4
 36.2 842.5
 36.4 842.7
 36.6 842.8
 36.7 843.0
 36.9 843.1
 37.1 843.3
 37.2 843.5
 37.4 843.6
 37.6 843.8
 37.8 843.9
 37.9 844.1
 38.1 844.2
 38.3 844.4
 38.5 844.6
 38.6 844.7
 38.8 844.9
 39.0 845.0
 39.2 845.2
 39.3 845.3
 39.5 845.5
 39.7 845.6
 39.9 845.8
 40.0 845.9
 40.2 846.1
 40.4 846.2
 40.6 846.4
 40.8 846.5
 40.9 846.7
 41.1 846.8
 41.3 847.0
 41.5 847.1
 41.7 847.3
 41.8 847.4
 42.0 847.5
 42.2 847.7
 42.4 847.8
 42.6 848.0
 42.8 848.1
 42.9 848.3
 43.1 848.4
 43.3 848.6
 43.5 848.7
 43.7 848.8
 43.9 849.0
 44.0 849.1
 44.2 849.3
 44.4 849.4
 44.6 849.5
 44.8 849.7
 45.0 849.8
 45.2 850.0
 45.4 850.1
 45.5 850.2
 45.7 850.4
 45.9 850.5
 46.1 850.6
 46.3 850.8
 46.5 850.9
 46.7 851.0
 46.9 851.2
 47.1 851.3
 47.2 851.4
 47.4 851.6
 47.6 851.7
 47.8 851.8
 48.0 852.0
 48.2 852.1
 48.4 852.2
 48.6 852.4
 48.8 852.5
 49.0 852.6
 49.2 852.7
 49.4 852.9
 49.6 853.0
 49.8 853.1
 49.9 853.2
 50.1 853.4
 50.3 853.5
 50.5 853.6
 50.7 853.7
 50.9 853.9
 51.1 854.0
 51.3 854.1
 51.5 854.2
 51.7 854.3
 51.9 854.5
 52.1 854.6
 52.3 854.7
 52.5 854.8
 52.7 854.9
 52.9 855.1
 53.1 855.2
 53.3 855.3
 53.5 855.4
 53.7 855.5
 53.9 855.6
 54.1 855.8
 54.3 855.9
 54.5 856.0
 54.7 856.1
 54.9 856.2
 55.1 856.3
 55.3 856.4
 55.5 856.6
 55.7 856.7
 55.9 856.8
 56.1 856.9
 56.3 857.0
 56.5 857.1
 56.7 857.2
 56.9 857.3
 57.1 857.4
 57.4 857.5
 57.6 857.6
 57.8 857.7
 58.0 857.8
 58.2 858.0
 58.4 858.1
 58.6 858.2
 58.8 858.3
 59.0 858.4
 59.2 858.5
 59.4 858.6
 59.6 858.7
 59.8 858.8
 60.0 858.9
 60.2 859.0
 60.5 859.1
 60.7 859.2
 60.9 859.3
 61.1 859.4
 61.3 859.4
 61.5 859.5
 61.7 859.6
 61.9 859.7
 62.1 859.8
 62.3 859.9
 62.6 860.0
 62.8 860.1
 63.0 860.2
 63.2 860.3
 63.4 860.4
 63.6 860.5
 63.8 860.6
 64.0 860.6
 64.2 860.7
 64.5 860.8
 64.7 860.9
 64.9 861.0
 65.1 861.1
 65.3 861.2
 65.5 861.2
 65.7 861.3
 66.0 861.4
 66.2 861.5
 66.4 861.6
 66.6 861.7
 66.8 861.7
 67.0 861.8
 67.2 861.9
 67.5 862.0
 67.7 862.1
 67.9 862.1
 68.1 862.2
 68.3 862.3
 68.5 862.4
 68.8 862.4
 69.0 862.5
 69.2 862.6
 69.4 862.7
 69.6 862.7
 69.8 862.8
 70.1 862.9
 70.3 862.9
 70.5 863.0
 70.7 863.1
 70.9 863.2
 71.1 863.2
 71.4 863.3
 71.6 863.4
 71.8 863.4
 72.0 863.5
 72.2 863.6
 72.5 863.6
 72.7 863.7
 72.9 863.8
 73.1 863.8
 73.3 863.9
 73.6 863.9
 73.8 864.0
 74.0 864.1
 74.2 864.1
 74.4 864.2
 74.7 864.2
 74.9 864.3
 75.1 864.4
 75.3 864.4
 75.5 864.5
 75.8 864.5
 76.0 864.6
 76.2 864.6
 76.4 864.7
 76.7 864.7
 76.9 864.8
 77.1 864.8
 77.3 864.9
 77.5 864.9
 77.8 865.0
 78.0 865.0
 78.2 865.1
 78.4 865.1
 78.7 865.2
 78.9 865.2
 79.1 865.3
 79.3 865.3
 79.6 865.4
 79.8 865.4
 80.0 865.4
 80.2 865.5
 80.5 865.5
 80.7 865.6
 80.9 865.6
 81.1 865.6
 81.4 865.7
 81.6 865.7
 81.8 865.8
 82.0 865.8
 82.3 865.8
 82.5 865.9
 82.7 865.9
 82.9 865.9
 83.2 866.0
 83.4 866.0
 83.6 866.0
 83.8 866.1
 84.1 866.1
 84.3 866.1
 84.5 866.2
 84.7 866.2
 85.0 866.2
 85.2 866.2
 85.4 866.3
 85.6 866.3
 85.9 866.3
 86.1 866.3
 86.3 866.4
 86.6 866.4
 86.8 866.4
 87.0 866.4
 87.2 866.5
 87.5 866.5
 87.7 866.5
 87.9 866.5
 88.1 866.5
 88.4 866.5
 88.6 866.6
 88.8 866.6
 89.1 866.6
 89.3 866.6
 89.5 866.6
 89.7 866.6
 90.0 866.6
 90.2 866.7
 90.4 866.7
 90.7 866.7
 90.9 866.7
 91.1 866.7
 91.3 866.7
 91.6 866.7
 91.8 866.7
 92.0 866.7
 92.3 866.7
 92.5 866.7
 92.7 866.7
 92.9 866.7
 93.2 866.7
 93.4 866.7
 93.6 866.7
 93.9 866.7
 94.1 866.7
 94.3 866.7
 94.6 866.7
 94.8 866.7
 95.0 866.7
 95.2 866.7
 95.5 866.7
 95.7 866.7
 95.9 866.7
 96.2 866.7
 96.4 866.7
 96.6 866.7
 96.9 866.7
 97.1 866.7
 97.3 866.6
 97.5 866.6
 97.8 866.6
 98.0 866.6
 98.2 866.6
 98.5 866.6
 98.7 866.6
 98.9 866.5
 99.2 866.5
 99.4 866.5
 99.6 866.5
 99.8 866.5
100.1 866.4
100.3 866.4
100.5 866.4
100.8 866.4
101.0 866.4
101.2 866.3
101.5 866.3
101.7 866.3
101.9 866.3
102.2 866.2
102.4 866.2
102.6 866.2
102.8 866.1
103.1 866.1
103.3 866.1
103.5 866.0
103.8 866.0
104.0 866.0
104.2 865.9
104.5 865.9
104.7 865.9
104.9 865.8
105.2 865.8
105.4 865.8
105.6 865.7
105.8 865.7
106.1 865.6
106.3 865.6
106.5 865.5
106.8 865.5
107.0 865.5
107.2 865.4
107.5 865.4
107.7 865.3
107.9 865.3
108.2 865.2
108.4 865.2
108.6 865.1
108.8 865.1
109.1 865.0
109.3 865.0
109.5 864.9
109.8 864.9
110.0 864.8
110.2 864.7
110.5 864.7
110.7 864.6
110.9 864.6
111.1 864.5
111.4 864.5
111.6 864.4
111.8 864.3
112.1 864.3
112.3 864.2
112.5 864.1
112.8 864.1
113.0 864.0
113.2 863.9
113.4 863.9
113.7 863.8
113.9 863.7
114.1 863.7
114.4 863.6
114.6 863.5
114.8 863.5
115.1 863.4
115.3 863.3
115.5 863.2
115.7 863.2
116.0 863.1
116.2 863.0
116.4 862.9
116.7 862.8
116.9 862.8
117.1 862.7
117.3 862.6
117.6 862.5
117.8 862.4
118.0 862.3
118.3 862.3
118.5 862.2
118.7 862.1
118.9 862.0
119.2 861.9
119.4 861.8
119.6 861.7
119.9 861.6
120.1 861.5
120.3 861.4
120.5 861.4
120.8 861.3
121.0 861.2
121.2 861.1
121.4 861.0
121.7 860.9
121.9 860.8
122.1 860.7
122.4 860.6
122.6 860.5
122.8 860.4
123.0 860.3
123.3 860.2
123.5 860.0
123.7 859.9
123.9 859.8
124.2 859.7
124.4 859.6
124.6 859.5
124.8 859.4
125.1 859.3
125.3 859.2
125.5 859.1
125.7 858.9
126.0 858.8
126.2 858.7
126.4 858.6
126.6 858.5
126.9 858.3
127.1 858.2
127.3 858.1
127.5 858.0
127.8 857.9
128.0 857.7
128.2 857.6
128.4 857.5
128.7 857.4
128.9 857.2
129.1 857.1
129.3 857.0
129.6 856.8
129.8 856.7
130.0 856.6
130.2 856.4
130.5 856.3
130.7 856.2
130.9 856.0
131.1 855.9
131.3 855.8
131.6 855.6
131.8 855.5
132.0 855.3
132.2 855.2
132.5 855.1
132.7 854.9
132.9 854.8
133.1 854.6
133.3 854.5
133.6 854.3
133.8 854.2
134.0 854.0
134.2 853.9
134.4 853.7
134.7 853.6
134.9 853.4
135.1 853.3
135.3 853.1
135.5 853.0
135.8 852.8
136.0 852.6
136.2 852.5
136.4 852.3
136.6 852.2
136.9 852.0
137.1 851.8
137.3 851.7
137.5 851.5
137.7 851.3
137.9 851.2
138.2 851.0
138.4 850.8
138.6 850.7
138.8 850.5
139.0 850.3
139.2 850.2
139.5 850.0
139.7 849.8
139.9 849.6
237.6 754.1

270.4 721.9
471.6 525.1

504.4 492.9
705.6 296.1

738.4 263.9
793.0 210.5
793.2 210.3
793.4 210.2
793.7 210.0
793.9 209.8
794.1 209.6
794.3 209.5
794.5 209.3
794.7 209.1
795.0 209.0
795.2 208.8
795.4 208.6
795.6 208.5
795.8 208.3
796.0 208.1
796.3 208.0
796.5 207.8
796.7 207.6
796.9 207.5
797.1 207.3
797.4 207.2
797.6 207.0
797.8 206.8
798.0 206.7
798.2 206.5
798.5 206.4
798.7 206.2
798.9 206.1
799.1 205.9
799.3 205.8
799.6 205.6
799.8 205.5
800.0 205.3
800.2 205.2
800.4 205.0
800.7 204.9
800.9 204.8
801.1 204.6
801.3 204.5
801.6 204.3
801.8 204.2
802.0 204.1
802.2 203.9
802.4 203.8
802.7 203.7
802.9 203.5
803.1 203.4
803.3 203.3
803.6 203.1
803.8 203.0
804.0 202.9
804.2 202.7
804.5 202.6
804.7 202.5
804.9 202.4
805.1 202.2
805.3 202.1
805.6 202.0
805.8 201.9
806.0 201.7
806.2 201.6
806.5 201.5
806.7 201.4
806.9 201.3
807.1 201.1
807.4 201.0
807.6 200.9
807.8 200.8
808.0 200.7
808.3 200.6
808.5 200.5
808.7 200.4
809.0 200.2
809.2 200.1
809.4 200.0
809.6 199.9
809.9 199.8
810.1 199.7
810.3 199.6
810.5 199.5
810.8 199.4
811.0 199.3
811.2 199.2
811.4 199.1
811.7 199.0
811.9 198.9
812.1 198.8
812.4 198.7
812.6 198.6
812.8 198.5
813.0 198.4
813.3 198.3
813.5 198.2
813.7 198.1
813.9 198.1
814.2 198.0
814.4 197.9
814.6 197.8
814.9 197.7
815.1 197.6
815.3 197.5
815.5 197.5
815.8 197.4
816.0 197.3
816.2 197.2
816.5 197.1
816.7 197.0
816.9 197.0
817.1 196.9
817.4 196.8
817.6 196.7
817.8 196.7
818.1 196.6
818.3 196.5
818.5 196.4
818.8 196.4
819.0 196.3
819.2 196.2
819.4 196.2
819.7 196.1
819.9 196.0
820.1 196.0
820.4 195.9
820.6 195.8
820.8 195.8
821.1 195.7
821.3 195.6
821.5 195.6
821.7 195.5
822.0 195.4
822.2 195.4
822.4 195.3
822.7 195.3
822.9 195.2
823.1 195.2
823.4 195.1
823.6 195.1
823.8 195.0
824.0 194.9
824.3 194.9
824.5 194.8
824.7 194.8
825.0 194.7
825.2 194.7
825.4 194.6
825.7 194.6
825.9 194.6
826.1 194.5
826.3 194.5
826.6 194.4
826.8 194.4
827.0 194.3
827.3 194.3
827.5 194.3
827.7 194.2
828.0 194.2
828.2 194.1
828.4 194.1
828.7 194.1
828.9 194.0
829.1 194.0
829.3 194.0
829.6 193.9
829.8 193.9
830.0 193.9
830.3 193.8
830.5 193.8
830.7 193.8
831.0 193.7
831.2 193.7
831.4 193.7
831.7 193.7
831.9 193.6
832.1 193.6
832.3 193.6
832.6 193.6
832.8 193.5
833.0 193.5
833.3 193.5
833.5 193.5
833.7 193.5
834.0 193.4
834.2 193.4
834.4 193.4
834.7 193.4
834.9 193.4
835.1 193.4
835.3 193.3
835.6 193.3
835.8 193.3
836.0 193.3
836.3 193.3
836.5 193.3
836.7 193.3
837.0 193.3
837.2 193.3
837.4 193.3
837.6 193.3
837.9 193.2
838.1 193.2
838.3 193.2
838.6 193.2
838.8 193.2
839.0 193.2
839.3 193.2
839.5 193.2
839.7 193.2
839.9 193.2
840.2 193.2
840.4 193.2
840.6 193.2
840.9 193.2
841.1 193.2
841.3 193.3
841.5 193.3
841.8 193.3
842.0 193.3
842.2 193.3
842.5 193.3
842.7 193.3
842.9 193.3
843.1 193.3
843.4 193.3
843.6 193.3
843.8 193.4
844.1 193.4
844.3 193.4
844.5 193.4
844.7 193.4
845.0 193.4
845.2 193.5
845.4 193.5
845.7 193.5
845.9 193.5
846.1 193.5
846.3 193.6
846.6 193.6
846.8 193.6
847.0 193.6
847.2 193.6
847.5 193.7
847.7 193.7
847.9 193.7
848.2 193.8
848.4 193.8
848.6 193.8
848.8 193.8
849.1 193.9
849.3 193.9
849.5 193.9
849.7 194.0
850.0 194.0
850.2 194.0
850.4 194.1
850.6 194.1
850.9 194.1
851.1 194.2
851.3 194.2
851.5 194.2
851.8 194.3
852.0 194.3
852.2 194.4
852.4 194.4
852.7 194.4
852.9 194.5
853.1 194.5
853.3 194.6
853.6 194.6
853.8 194.7
854.0 194.7
854.2 194.7
854.5 194.8
854.7 194.8
854.9 194.9
855.1 194.9
855.4 195.0
855.6 195.0
855.8 195.1
856.0 195.1
856.2 195.2
856.5 195.2
856.7 195.3
856.9 195.3
857.1 195.4
857.4 195.4
857.6 195.5
857.8 195.6
858.0 195.6
858.2 195.7
858.5 195.7
858.7 195.8
858.9 195.8
859.1 195.9
859.3 196.0
859.6 196.0
859.8 196.1
860.0 196.2
860.2 196.2
860.4 196.3
860.7 196.3
860.9 196.4
861.1 196.5
861.3 196.5
861.5 196.6
861.8 196.7
862.0 196.7
862.2 196.8
862.4 196.9
862.6 196.9
862.8 197.0
863.1 197.1
863.3 197.2
863.5 197.2
863.7 197.3
863.9 197.4
864.2 197.5
864.4 197.5
864.6 197.6
864.8 197.7
865.0 197.8
865.2 197.8
865.4 197.9
865.7 198.0
865.9 198.1
866.1 198.1
866.3 198.2
866.5 198.3
866.7 198.4
867.0 198.5
867.2 198.6
867.4 198.6
867.6 198.7
867.8 198.8
868.0 198.9
868.2 199.0
868.4 199.1
868.7 199.1
868.9 199.2
869.1 199.3
869.3 199.4
869.5 199.5
869.7 199.6
869.9 199.7
870.1 199.8
870.4 199.9
870.6 200.0
870.8 200.0
871.0 200.1
871.2 200.2
871.4 200.3
871.6 200.4
871.8 200.5
872.0 200.6
872.2 200.7
872.5 200.8
872.7 200.9
872.9 201.0
873.1 201.1
873.3 201.2
873.5 201.3
873.7 201.4
873.9 201.5
874.1 201.6
874.3 201.7
874.5 201.8
874.7 201.9
874.9 202.0
875.1 202.1
875.4 202.2
875.6 202.3
875.8 202.4
876.0 202.5
876.2 202.6
876.4 202.8
876.6 202.9
876.8 203.0
877.0 203.1
877.2 203.2
877.4 203.3
877.6 203.4
877.8 203.5
878.0 203.6
878.2 203.7
878.4 203.9
878.6 204.0
878.8 204.1
879.0 204.2
879.2 204.3
879.4 204.4
879.6 204.5
879.8 204.7
880.0 204.8
880.2 204.9
880.4 205.0
880.6 205.1
880.8 205.3
881.0 205.4
881.2 205.5
881.4 205.6
881.6 205.7
881.8 205.9
882.0 206.0
882.2 206.1
882.4 206.2
882.6 206.4
882.8 206.5
883.0 206.6
883.2 206.7
883.4 206.9
883.6 207.0
883.8 207.1
883.9 207.2
884.1 207.4
884.3 207.5
884.5 207.6
884.7 207.7
884.9 207.9
885.1 208.0
885.3 208.1
885.5 208.3
885.7 208.4
885.9 208.5
886.1 208.7
886.3 208.8
886.4 208.9
886.6 209.1
886.8 209.2
887.0 209.3
887.2 209.5
887.4 209.6
887.6 209.7
887.8 209.9
888.0 210.0
888.1 210.2
888.3 210.3
888.5 210.4
888.7 210.6
888.9 210.7
889.1 210.8
889.3 211.0
889.4 211.1
889.6 211.3
889.8 211.4
890.0 211.6
890.2 211.7
890.4 211.8
890.5 212.0
890.7 212.1
890.9 212.3
891.1 212.4
891.3 212.6
891.5 212.7
891.6 212.9
891.8 213.0
892.0 213.2
892.2 213.3
892.4 213.4
892.5 213.6
892.7 213.7
892.9 213.9
893.1 214.0
893.3 214.2
893.4 214.3
893.6 214.5
893.8 214.7
894.0 214.8
894.1 215.0
894.3 215.1
894.5 215.3
894.7 215.4
894.8 215.6
895.0 215.7
895.2 215.9
895.4 216.0
895.5 216.2
895.7 216.3
895.9 216.5
896.1 216.7
896.2 216.8
896.4 217.0
896.6 217.1
896.7 217.3
896.9 217.5
897.1 217.6
897.2 217.8
897.4 217.9
897.6 218.1
897.8 218.3
897.9 218.4
898.1 218.6
898.3 218.7
898.4 218.9
898.6 219.1
898.8 219.2
898.9 219.4
899.1 219.6
899.3 219.7
899.4 219.9
899.6 220.1
899.7 220.2
899.9 220.4
900.1 220.6
900.2 220.7
900.4 220.9
900.6 221.1
900.7 221.2
900.9 221.4
901.0 221.6
901.2 221.7
901.4 221.9
901.5 222.1
901.7 222.3
901.8 222.4
902.0 222.6
902.2 222.8
902.3 222.9
902.5 223.1
902.6 223.3
902.8 223.5
902.9 223.6
903.1 223.8
903.2 224.0
903.4 224.2
903.6 224.3
903.7 224.5
903.9 224.7
904.0 224.9
904.2 225.0
904.3 225.2
904.5 225.4
904.6 225.6
904.8 225.7
904.9 225.9
905.1 226.1
905.2 226.3
905.4 226.5
905.5 226.6
905.7 226.8
905.8 227.0
906.0 227.2
906.1 227.4
906.3 227.5
906.4 227.7
906.5 227.9
906.7 228.1
906.8 228.3
907.0 228.5
907.1 228.6
907.3 228.8
907.4 229.0
907.5 229.2
907.7 229.4
907.8 229.6
908.0 229.7
908.1 229.9
908.3 230.1
908.4 230.3
908.5 230.5
908.7 230.7
908.8 230.9
908.9 231.1
909.1 231.2
909.2 231.4
909.4 231.6
909.5 231.8
909.6 232.0
909.8 232.2
909.9 232.4
910.0 232.6
910.2 232.8
910.3 233.0
910.4 233.1
910.6 233.3
910.7 233.5
910.8 233.7
910.9 233.9
911.1 234.1
911.2 234.3
911.3 234.5
911.5 234.7
911.6 234.9
911.7 235.1
911.8 235.3
912.0 235.5
912.1 235.7
912.2 235.9
912.4 236.0
912.5 236.2
912.6 236.4
912.7 236.6
912.8 236.8
913.0 237.0
913.1 237.2
913.2 237.4
913.3 237.6
913.5 237.8
913.6 238.0
913.7 238.2
913.8 238.4
913.9 238.6
914.0 238.8
914.2 239.0
914.3 239.2
914.4 239.4
914.5 239.6
914.6 239.8
914.7 240.0
914.9 240.2
915.0 240.4
915.1 240.6
915.2 240.8
915.3 241.0
915.4 241.2
915.5 241.4
915.6 241.6
915.8 241.8
915.9 242.0
916.0 242.2
916.1 242.5
916.2 242.7
916.3 242.9
916.4 243.1
916.5 243.3
916.6 243.5
916.7 243.7
916.8 243.9
916.9 244.1
917.0 244.3
917.1 244.5
917.2 244.7
917.3 244.9
917.4 245.1
917.5 245.3
917.6 245.5
917.7 245.8
917.8 246.0
917.9 246.2
918.0 246.4
918.1 246.6
918.2 246.8
918.3 247.0
918.4 247.2
918.5 247.4
918.6 247.6
918.7 247.8
918.8 248.1
918.9 248.3
919.0 248.5
919.1 248.7
919.2 248.9
919.3 249.1
919.4 249.3
919.4 249.5
919.5 249.7
919.6 250.0
919.7 250.2
919.8 250.4
919.9 250.6
920.0 250.8
920.1 251.0
920.1 251.2
920.2 251.5
920.3 251.7
920.4 251.9
920.5 252.1
920.6 252.3
920.6 252.5
920.7 252.7
920.8 253.0
920.9 253.2
921.0 253.4
921.0 253.6
921.1 253.8
921.2 254.0
921.3 254.2
921.3 254.5
921.4 254.7
921.5 254.9
921.6 255.1
921.6 255.3
921.7 255.5
921.8 255.8
921.9 256.0
921.9 256.2
922.0 256.4
922.1 256.6
922.1 256.9
922.2 257.1
922.3 257.3
922.3 257.5
922.4 257.7
922.5 257.9
922.5 258.2
922.6 258.4
922.7 258.6
922.7 258.8
922.8 259.0
922.9 259.3
922.9 259.5
923.0 259.7
923.0 259.9
923.1 260.1
923.2 260.4
923.2 260.6
923.3 260.8
923.3 261.0
923.4 261.3
923.5 261.5
923.5 261.7
923.6 261.9
923.6 262.1
923.7 262.4
923.7 262.6
923.8 262.8
923.8 263.0
923.9 263.3
923.9 263.5
924.0 263.7
924.0 263.9
924.1 264.1
924.1 264.4
924.2 264.6
924.2 264.8
924.3 265.0
924.3 265.3
924.4 265.5
924.4 265.7
924.4 265.9
924.5 266.2
924.5 266.4
924.6 266.6
924.6 266.8
924.6 267.1
924.7 267.3
924.7 267.5
924.8 267.7
924.8 268.0
924.8 268.2
924.9 268.4
924.9 268.6
924.9 268.9
925.0 269.1
925.0 269.3
925.0 269.5
925.1 269.8
925.1 270.0
925.1 270.2
925.2 270.4
925.2 270.7
925.2 270.9
925.2 271.1
925.3 271.3
925.3 271.6
925.3 271.8
925.4 272.0
925.4 272.3
925.4 272.5
925.4 272.7
925.4 272.9
925.5 273.2
925.5 273.4
925.5 273.6
925.5 273.8
925.5 274.1
925.6 274.3
925.6 274.5
925.6 274.8
925.6 275.0
925.6 275.2
925.6 275.4
925.7 275.7
925.7 275.9
925.7 276.1
925.7 276.4
925.7 276.6
925.7 276.8
925.7 277.0
925.7 277.3
925.7 277.5
925.7 277.7
925.8 278.0
925.8 278.2
925.8 278.4
925.8 278.6
925.8 278.9
925.8 279.1
925.8 279.3
925.8 279.6
925.8 279.8
925.8 280.0
925.8 280.2
925.8 280.5
925.8 280.7
925.8 280.9
925.8 281.2
925.8 281.4
925.8 281.6
925.8 281.9
925.7 282.1
925.7 282.3
925.7 282.5
925.7 282.8
925.7 283.0
925.7 283.2
925.7 283.5
925.7 283.7
925.7 283.9
925.7 284.1
925.6 284.4
925.6 284.6
925.6 284.8
925.6 285.1
925.6 285.3
925.6 285.5
925.5 285.8
925.5 286.0
925.5 286.2
925.5 286.4
925.5 286.7
925.4 286.9
925.4 287.1
925.4 287.4
925.4 287.6
925.3 287.8
925.3 288.1
925.3 288.3
925.2 288.5
925.2 288.7
925.2 289.0
925.2 289.2
925.1 289.4
925.1 289.7
925.1 289.9
925.0 290.1
925.0 290.4
925.0 290.6
924.9 290.8
924.9 291.0
924.9 291.3
924.8 291.5
924.8 291.7
924.7 292.0
924.7 292.2
924.7 292.4
924.6 292.7
924.6 292.9
924.5 293.1
924.5 293.3
924.4 293.6
924.4 293.8
924.3 294.0
924.3 294.3
924.2 294.5
924.2 294.7
924.1 295.0
924.1 295.2
924.0 295.4
924.0 295.6
923.9 295.9
923.9 296.1
923.8 296.3
923.8 296.6
923.7 296.8
923.7 297.0
923.6 297.2
923.5 297.5
923.5 297.7
923.4 297.9
923.4 298.2
923.3 298.4
923.2 298.6
923.2 298.8
923.1 299.1
923.0 299.3
923.0 299.5
922.9 299.8
922.8 300.0
922.8 300.2
922.7 300.4
922.6 300.7
922.5 300.9
922.5 301.1
922.4 301.4
922.3 301.6
922.3 301.8
922.2 302.0
922.1 302.3
922.0 302.5
921.9 302.7
921.9 303.0
921.8 303.2
921.7 303.4
921.6 303.6
921.5 303.9
921.5 304.1
921.4 304.3
921.3 304.5
921.2 304.8
921.1 305.0
921.0 305.2
920.9 305.5
920.8 305.7
920.8 305.9
920.7 306.1
920.6 306.4
920.5 306.6
920.4 306.8
920.3 307.0
920.2 307.3
920.1 307.5
920.0 307.7
919.9 307.9
919.8 308.2
919.7 308.4
919.6 308.6
919.5 308.8
919.4 309.1
919.3 309.3
919.2 309.5
919.1 309.7
919.0 310.0
918.9 310.2
918.8 310.4
918.6 310.6
918.5 310.9
918.4 311.1
918.3 311.3
918.2 311.5
918.1 311.8
918.0 312.0
917.9 312.2
917.7 312.4
917.6 312.7
917.5 312.9
917.4 313.1
917.3 313.3
917.1 313.5
917.0 313.8
916.9 314.0
916.8 314.2
916.7 314.4
916.5 314.7
916.4 314.9
916.3 315.1
916.2 315.3
916.0 315.5
915.9 315.8
915.8 316.0
915.6 316.2
915.5 316.4
915.4 316.7
915.2 316.9
915.1 317.1
915.0 317.3
914.8 317.5
914.7 317.8
914.5 318.0
914.4 318.2
914.3 318.4
914.1 318.6
914.0 318.9
913.8 319.1
913.7 319.3
913.5 319.5
913.4 319.7
913.2 319.9
913.1 320.2
913.0 320.4
912.8 320.6
912.6 320.8
912.5 321.0
912.3 321.3
912.2 321.5
912.0 321.7
911.9 321.9
911.7 322.1
911.6 322.3
911.4 322.6
911.2 322.8
911.1 323.0
910.9 323.2
910.8 323.4
910.6 323.6
910.4 323.8
910.3 324.1
910.1 324.3
909.9 324.5
909.8 324.7
909.6 324.9
909.4 325.1
909.3 325.4
909.1 325.6
908.9 325.8
908.7 326.0
908.6 326.2
908.4 326.4
908.2 326.6
908.0 326.8
907.8 327.1
907.7 327.3
738.4 492.9

705.6 525.1
504.4 721.9

471.6 754.1
383.3 840.5
383.1 840.7
382.9 840.9
382.7 841.1
382.6 841.3
382.4 841.5
382.2 841.8
382.0 842.0
381.9 842.2
381.7 842.4
381.5 842.6
381.3 842.8
381.2 843.0
381.0 843.3
380.8 843.5
380.7 843.7
380.5 843.9
380.3 844.1
380.2 844.3
380.0 844.5
379.8 844.8
379.7 845.0
379.5 845.2
379.4 845.4
379.2 845.6
379.0 845.8
378.9 846.1
378.7 846.3
378.6 846.5
378.4 846.7
378.3 846.9
378.1 847.1
378.0 847.4
377.8 847.6
377.7 847.8
377.5 848.0
377.4 848.2
377.2 848.5
377.1 848.7
376.9 848.9
376.8 849.1
376.6 849.3
376.5 849.5
376.4 849.8
376.2 850.0
376.1 850.2
375.9 850.4
375.8 850.6
375.7 850.9
375.5 851.1
375.4 851.3
375.3 851.5
375.1 851.8
375.0 852.0
374.9 852.2
374.7 852.4
374.6 852.6
374.5 852.9
374.4 853.1
374.2 853.3
374.1 853.5
374.0 853.7
373.9 854.0
373.7 854.2
373.6 854.4
373.5 854.6
373.4 854.9
373.3 855.1
373.1 855.3
373.0 855.5
372.9 855.8
372.8 856.0
372.7 856.2
372.6 856.4
372.4 856.6
372.3 856.9
372.2 857.1
372.1 857.3
372.0 857.5
371.9 857.8
371.8 858.0
371.7 858.2
371.6 858.4
371.5 858.7
371.4 858.9
371.3 859.1
371.2 859.3
371.1 859.6
371.0 859.8
370.9 860.0
370.8 860.2
370.7 860.5
370.6 860.7
370.5 860.9
370.4 861.1
370.3 861.4
370.2 861.6
370.1 861.8
370.0 862.1
369.9 862.3
369.8 862.5
369.7 862.7
369.7 863.0
369.6 863.2
369.5 863.4
369.4 863.6
369.3 863.9
369.2 864.1
369.1 864.3
369.1 864.6
369.0 864.8
368.9 865.0
368.8 865.2
368.7 865.5
368.7 865.7
368.6 865.9
368.5 866.1
368.4 866.4
368.4 866.6
368.3 866.8
368.2 867.1
368.1 867.3
368.1 867.5
368.0 867.7
367.9 868.0
367.9 868.2
367.8 868.4
367.7 868.7
367.7 868.9
367.6 869.1
367.5 869.3
367.5 869.6
367.4 869.8
367.3 870.0
367.3 870.3
367.2 870.5
367.2 870.7
367.1 870.9
367.0 871.2
367.0 871.4
366.9 871.6
366.9 871.9
366.8 872.1
366.8 872.3
366.7 872.6
366.7 872.8
366.6 873.0
366.6 873.2
366.5 873.5
366.5 873.7
366.4 873.9
366.4 874.2
366.3 874.4
366.3 874.6
366.2 874.8
366.2 875.1
366.2 875.3
366.1 875.5
366.1 875.8
366.0 876.0
366.0 876.2
365.9 876.5
365.9 876.7
365.9 876.9
365.8 877.1
365.8 877.4
365.8 877.6
365.7 877.8
365.7 878.1
365.7 878.3
365.6 878.5
365.6 878.8
365.6 879.0
365.5 879.2
365.5 879.4
365.5 879.7
365.5 879.9
365.4 880.1
365.4 880.4
365.4 880.6
365.4 880.8
365.3 881.1
365.3 881.3
365.3 881.5
365.3 881.7
365.2 882.0
365.2 882.2
365.2 882.4
365.2 882.7
365.2 882.9
365.2 883.1
365.1 883.4
365.1 883.6
365.1 883.8
365.1 884.0
365.1 884.3
365.1 884.5
365.1 884.7
365.1 885.0
365.0 885.2
365.0 885.4
365.0 885.7
365.0 885.9
365.0 886.1
365.0 886.3
365.0 886.6
365.0 886.8
365.0 887.0
365.0 887.3
365.0 887.5
365.0 887.7
365.0 887.9
365.0 888.2
365.0 888.4
365.0 888.6
365.0 888.9
365.0 889.1
365.0 889.3
365.0 889.6
365.0 889.8
365.0 890.0
365.0 890.2
365.0 890.5
365.0 890.7
365.0 890.9
365.0 891.2
365.1 891.4
365.1 891.6
365.1 891.8
365.1 892.1
365.1 892.3
365.1 892.5
365.1 892.7
365.1 893.0
365.2 893.2
365.2 893.4
365.2 893.7
365.2 893.9
365.2 894.1
365.3 894.3
365.3 894.6
365.3 894.8
365.3 895.0
365.3 895.3
365.4 895.5
365.4 895.7
365.4 895.9
365.4 896.2
365.5 896.4
365.5 896.6
365.5 896.8
365.5 897.1
365.6 897.3
365.6 897.5
365.6 897.7
365.7 898.0
365.7 898.2
365.7 898.4
365.8 898.7
365.8 898.9
365.8 899.1
365.9 899.3
365.9 899.6
365.9 899.8
366.0 900.0
366.0 900.2
366.0 900.5
366.1 900.7
366.1 900.9
366.2 901.1
366.2 901.4
366.2 901.6
366.3 901.8
366.3 902.0
366.4 902.3
366.4 902.5
366.5 902.7
366.5 902.9
366.5 903.1
366.6 903.4
366.6 903.6
366.7 903.8
366.7 904.0
366.8 904.3
366.8 904.5
366.9 904.7
366.9 904.9
367.0 905.2
367.0 905.4
367.1 905.6
367.1 905.8
367.2 906.0
367.3 906.3
367.3 906.5
367.4 906.7
367.4 906.9
367.5 907.2
367.5 907.4
367.6 907.6
367.7 907.8
367.7 908.0
367.8 908.3
367.8 908.5
367.9 908.7
368.0 908.9
368.0 909.1
368.1 909.4
368.2 909.6
368.2 909.8
368.3 910.0
368.4 910.2
368.4 910.5
368.5 910.7
368.6 910.9
368.6 911.1
368.7 911.3
368.8 911.5
368.8 911.8
368.9 912.0
369.0 912.2
369.0 912.4
369.1 912.6
369.2 912.9
369.3 913.1
369.3 913.3
369.4 913.5
369.5 913.7
369.6 913.9
369.6 914.1
369.7 914.4
369.8 914.6
369.9 914.8
370.0 915.0
370.0 915.2
370.1 915.4
370.2 915.7
370.3 915.9
370.4 916.1
370.5 916.3
370.5 916.5
370.6 916.7
370.7 916.9
370.8 917.2
370.9 917.4
371.0 917.6
371.1 917.8
371.1 918.0
371.2 918.2
371.3 918.4
371.4 918.6
371.5 918.9
371.6 919.1
371.7 919.3
371.8 919.5
371.9 919.7
372.0 919.9
372.1 920.1
372.1 920.3
372.2 920.5
372.3 920.8
372.4 921.0
372.5 921.2
372.6 921.4
372.7 921.6
372.8 921.8
372.9 922.0
373.0 922.2
373.1 922.4
373.2 922.6
373.3 922.8
373.4 923.0
373.5 923.3
373.6 923.5
373.7 923.7
373.8 923.9
373.9 924.1
374.0 924.3
374.1 924.5
374.3 924.7
374.4 924.9
374.5 925.1
374.6 925.3
374.7 925.5
374.8 925.7
374.9 925.9
375.0 926.1
375.1 926.3
375.2 926.5
375.3 926.7
375.5 926.9
375.6 927.1
375.7 927.3
375.8 927.5
375.9 927.7
376.0 927.9
376.1 928.1
376.2 928.3
376.4 928.5
376.5 928.8
376.6 929.0
376.7 929.1
376.8 929.3
376.9 929.5
377.1 929.7
377.2 929.9
377.3 930.1
377.4 930.3
377.5 930.5
377.7 930.7
377.8 930.9
377.9 931.1
378.0 931.3
378.2 931.5
378.3 931.7
378.4 931.9
378.5 932.1
378.7 932.3
378.8 932.5
378.9 932.7
379.0 932.9
379.2 933.1
379.3 933.3
379.4 933.5
379.6 933.7
379.7 933.9
379.8 934.1
379.9 934.2
380.1 934.4
380.2 934.6
380.3 934.8
380.5 935.0
380.6 935.2
380.7 935.4
380.9 935.6
381.0 935.8
381.1 936.0
381.3 936.2
381.4 936.3
381.5 936.5
381.7 936.7
381.8 936.9
382.0 937.1
382.1 937.3
382.2 937.5
382.4 937.7
382.5 937.8
382.6 938.0
382.8 938.2
382.9 938.4
383.1 938.6
383.2 938.8
383.4 939.0
383.5 939.1
383.6 939.3
383.8 939.5
383.9 939.7
384.1 939.9
384.2 940.1
384.4 940.2
384.5 940.4
384.7 940.6
384.8 940.8
384.9 941.0
385.1 941.1
385.2 941.3
385.4 941.5
385.5 941.7
385.7 941.9
385.8 942.0
386.0 942.2
386.1 942.4
386.3 942.6
386.4 942.8
386.6 942.9
386.7 943.1
386.9 943.3
387.1 943.5
387.2 943.6
387.4 943.8
387.5 944.0
387.7 944.2
387.8 944.3
388.0 944.5
388.1 944.7
388.3 944.9
388.4 945.0
388.6 945.2
388.8 945.4
388.9 945.5
389.1 945.7
389.2 945.9
389.4 946.1
389.6 946.2
389.7 946.4
389.9 946.6
390.0 946.7
390.2 946.9
390.4 947.1
390.5 947.2
390.7 947.4
390.9 947.6
391.0 947.7
391.2 947.9
391.3 948.1
391.5 948.2
391.7 948.4
391.8 948.6
392.0 948.7
392.2 948.9
392.3 949.1
392.5 949.2
392.7 949.4
392.8 949.5
393.0 949.7
393.2 949.9
393.3 950.0
393.5 950.2
393.7 950.3
393.9 950.5
394.0 950.7
394.2 950.8
394.4 951.0
394.5 951.1
394.7 951.3
394.9 951.5
395.1 951.6
395.2 951.8
395.4 951.9
395.6 952.1
395.7 952.2
395.9 952.4
396.1 952.5
396.3 952.7
396.4 952.9
396.6 953.0
396.8 953.2
397.0 953.3
397.2 953.5
397.3 953.6
397.5 953.8
397.7 953.9
397.9 954.1
398.0 954.2
398.2 954.4
398.4 954.5
398.6 954.7
398.8 954.8
398.9 955.0
399.1 955.1
399.3 955.3
399.5 955.4
399.7 955.5
399.8 955.7
400.0 955.8
400.2 956.0
400.4 956.1
400.6 956.3
400.8 956.4
400.9 956.6
401.1 956.7
401.3 956.8
401.5 957.0
401.7 957.1
401.9 957.3
402.1 957.4
402.2 957.5
402.4 957.7
402.6 957.8
402.8 958.0
403.0 958.1
403.2 958.2
403.4 958.4
403.6 958.5
403.7 958.6
403.9 958.8
404.1 958.9
404.3 959.0
404.5 959.2
404.7 959.3
404.9 959.4
405.1 959.6
405.3 959.7
405.5 959.8
405.7 960.0
405.8 960.1
406.0 960.2
406.2 960.3
406.4 960.5
406.6 960.6
406.8 960.7
407.0 960.9
407.2 961.0
407.4 961.1
407.6 961.2
407.8 961.4
408.0 961.5
408.2 961.6
408.4 961.7
408.6 961.9
408.8 962.0
409.0 962.1
409.2 962.2
409.4 962.3
409.6 962.5
409.8 962.6
410.0 962.7
410.2 962.8
410.4 962.9
410.6 963.1
410.7 963.2
410.9 963.3
411.1 963.4
411.3 963.5
411.5 963.6
411.8 963.8
412.0 963.9
412.2 964.0
412.4 964.1
412.6 964.2
412.8 964.3
413.0 964.4
413.2 964.6
413.4 964.7
413.6 964.8
413.8 964.9
414.0 965.0
414.2 965.1
414.4 965.2
414.6 965.3
414.8 965.4
415.0 965.5
415.2 965.6
415.4 965.7
415.6 965.8
415.8 965.9
416.0 966.1
416.2 966.2
416.4 966.3
416.6 966.4
416.9 966.5
417.1 966.6
417.3 966.7
417.5 966.8
417.7 966.9
417.9 967.0
418.1 967.1
418.3 967.2
418.5 967.3
418.7 967.3
418.9 967.4
419.1 967.5
419.4 967.6
419.6 967.7
419.8 967.8
420.0 967.9
420.2 968.0
420.4 968.1
420.6 968.2
420.8 968.3
421.0 968.4
421.3 968.5
421.5 968.6
421.7 968.6
421.9 968.7
422.1 968.8
422.3 968.9
422.5 969.0
422.7 969.1
423.0 969.2
423.2 969.2
423.4 969.3
423.6 969.4
423.8 969.5
424.0 969.6
424.2 969.7
424.5 969.7
424.7 969.8
424.9 969.9
425.1 970.0
425.3 970.1
425.5 970.1
425.7 970.2
426.0 970.3
426.2 970.4
426.4 970.4
426.6 970.5
426.8 970.6
427.0 970.7
427.3 970.7
427.5 970.8
427.7 970.9
427.9 970.9
428.1 971.0
428.3 971.1
428.6 971.2
428.8 971.2
429.0 971.3
429.2 971.4
429.4 971.4
429.7 971.5
429.9 971.6
430.1 971.6
430.3 971.7
430.5 971.7
430.8 971.8
431.0 971.9
431.2 971.9
431.4 972.0
431.6 972.1
431.9 972.1
432.1 972.2
432.3 972.2
432.5 972.3
432.7 972.3
433.0 972.4
433.2 972.5
433.4 972.5
433.6 972.6
433.9 972.6
434.1 972.7
434.3 972.7
434.5 972.8
434.7 972.8
435.0 972.9
435.2 972.9
435.4 973.0
435.6 973.0
435.9 973.1
436.1 973.1
436.3 973.2
436.5 973.2
436.8 973.3
437.0 973.3
437.2 973.4
437.4 973.4
437.6 973.4
437.9 973.5
438.1 973.5
438.3 973.6
438.5 973.6
438.8 973.6
439.0 973.7
439.2 973.7
439.4 973.8
439.7 973.8
439.9 973.8
440.1 973.9
440.3 973.9
440.6 973.9
440.8 974.0
441.0 974.0
441.2 974.0
441.5 974.1
441.7 974.1
441.9 974.1
442.2 974.2
442.4 974.2
442.6 974.2
442.8 974.2
443.1 974.3
443.3 974.3
443.5 974.3
443.7 974.3
444.0 974.4
444.2 974.4
444.4 974.4
444.7 974.4
444.9 974.4
445.1 974.5
445.3 974.5
445.6 974.5
445.8 974.5
446.0 974.5
446.2 974.6
446.5 974.6
446.7 974.6
446.9 974.6
447.2 974.6
447.4 974.6
447.6 974.6
447.8 974.7
448.1 974.7
448.3 974.7
448.5 974.7
448.8 974.7
449.0 974.7
449.2 974.7
449.4 974.7
449.7 974.7
449.9 974.7
450.1 974.7
450.4 974.7
450.6 974.7
450.8 974.7
451.1 974.7
451.3 974.7
451.5 974.7
451.7 974.7
452.0 974.7
452.2 974.7
452.4 974.7
452.7 974.7
452.9 974.7
453.1 974.7
453.3 974.7
453.6 974.7
453.8 974.7
454.0 974.7
454.3 974.7
454.5 974.7
454.7 974.7
455.0 974.6
455.2 974.6
455.4 974.6
455.6 974.6
455.9 974.6
456.1 974.6
456.3 974.6
456.6 974.5
456.8 974.5
457.0 974.5
457.3 974.5
457.5 974.5
457.7 974.4
458.0 974.4
458.2 974.4
458.4 974.4
458.6 974.4
458.9 974.3
459.1 974.3
459.3 974.3
459.6 974.3
459.8 974.2
460.0 974.2
460.3 974.2
460.5 974.1
460.7 974.1
461.0 974.1
461.2 974.0
461.4 974.0
461.6 974.0
461.9 973.9
462.1 973.9
462.3 973.9
462.6 973.8
462.8 973.8
463.0 973.8
463.3 973.7
463.5 973.7
463.7 973.6
464.0 973.6
464.2 973.5
464.4 973.5
464.6 973.5
464.9 973.4
465.1 973.4
465.3 973.3
465.6 973.3
465.8 973.2
466.0 973.2
466.3 973.1
466.5 973.1
466.7 973.0
466.9 973.0
467.2 972.9
467.4 972.9
467.6 972.8
467.9 972.7
468.1 972.7
468.3 972.6
468.6 972.6
468.8 972.5
469.0 972.5
469.2 972.4
469.5 972.3
469.7 972.3
469.9 972.2
470.2 972.1
470.4 972.1
470.6 972.0
470.9 971.9
471.1 971.9
471.3 971.8
471.5 971.7
471.8 971.7
472.0 971.6
472.2 971.5
472.5 971.5
472.7 971.4
472.9 971.3
473.2 971.2
473.4 971.2
473.6 971.1
473.8 971.0
474.1 970.9
474.3 970.8
474.5 970.8
474.8 970.7
475.0 970.6
475.2 970.5
475.4 970.4
475.7 970.3
475.9 970.3
476.1 970.2
476.4 970.1
476.6 970.0
476.8 969.9
477.0 969.8
477.3 969.7
477.5 969.6
477.7 969.5
478.0 969.4
478.2 969.4
478.4 969.3
478.6 969.2
478.9 969.1
479.1 969.0
479.3 968.9
479.5 968.8
479.8 968.7
480.0 968.6
480.2 968.5
480.5 968.4
480.7 968.3
480.9 968.2
481.1 968.0
481.4 967.9
481.6 967.8
481.8 967.7
482.0 967.6
482.3 967.5
482.5 967.4
482.7 967.3
482.9 967.2
483.2 967.1
483.4 966.9
483.6 966.8
483.8 966.7
484.1 966.6
484.3 966.5
484.5 966.3
484.7 966.2
485.0 966.1
485.2 966.0
485.4 965.9
485.6 965.7
485.9 965.6
486.1 965.5
486.3 965.4
486.5 965.2
486.8 965.1
487.0 965.0
487.2 964.8
487.4 964.7
487.7 964.6
487.9 964.4
488.1 964.3
488.3 964.2
488.5 964.0
488.8 963.9
489.0 963.8
489.2 963.6
489.4 963.5
489.7 963.3
489.9 963.2
490.1 963.1
490.3 962.9
490.5 962.8
490.8 962.6
491.0 962.5
491.2 962.3
491.4 962.2
491.6 962.0
491.9 961.9
492.1 961.7
492.3 961.6
492.5 961.4
492.7 961.3
493.0 961.1
493.2 961.0
493.4 960.8
493.6 960.6
493.8 960.5
494.1 960.3
494.3 960.2
494.5 960.0
494.7 959.8
494.9 959.7
495.1 959.5
495.4 959.3
495.6 959.2
495.8 959.0
496.0 958.8
496.2 958.7
496.5 958.5
496.7 958.3
496.9 958.2
497.1 958.0
497.3 957.8
497.5 957.6
705.6 754.1

738.4 721.9
958.0 507.0
958.0  78.0

923.0  78.0
993.0  78.0
993.0  75.0
923.0  75.0
923.0  78.0

937.0  53.0
979.0  53.0
979.0  50.0
937.0  50.0
937.0  53.0

952.0  29.0
964.0  29.0
964.0  26.0
952.0  26.0
952.0  29.0
